[MUSIC]
127
-2975 312 0 4
-3011 312 0 4
-3076 312 0 4
-3168 312 0 4
-3259 312 0 5
-3510 312 0 1
-3596 312 0 2
-3864 312 0 2
-3946 312 0 3
-4214 312 0 4
-4309 312 0 5
-4570 312 0 6
-4913 312 0 6
-5070 312 0 1
-5460 312 0 1
-5633 312 0 5
-5688 312 0 2
-5737 312 0 6
-5953 312 0 5
-5999 312 0 3
-6044 312 0 2
-6045 312 0 1
-6293 312 0 4
-6339 312 0 2
-6381 312 0 4
-6433 312 0 3
-6623 312 0 6
-6630 312 0 1
-6711 312 0 5
-6760 312 0 2
-6979 312 0 4
-7020 312 0 1
-7061 312 0 5
-7110 312 0 2
-7152 312 0 6
-7205 312 0 5
-7251 312 0 4
-7410 312 0 1
-7587 312 0 4
-7682 312 0 5
-7760 312 0 5
-7849 312 0 5
-7930 312 0 5
-8012 312 0 2
-8097 312 0 2
-8182 312 0 2
-8267 312 0 2
-8365 312 0 3
-8450 312 0 3
-8529 312 0 3
-8617 312 0 3
-8708 312 0 5
-8790 312 0 5
-8882 312 0 5
-8970 312 0 5
-9055 312 0 5
-9143 312 0 5
-9222 312 0 5
-9313 312 0 5
-9405 312 0 6
-9483 312 0 5
-9575 312 0 5
-9663 312 0 5
-9748 312 0 5
-9826 312 0 5
-9915 312 0 5
-9957 312 0 5
-9996 312 0 5
-9945 312 0 1
-10441 312 0 2
-10787 312 0 3
-10875 312 0 5
-10970 312 1 0
-11052 312 0 4
-11137 312 0 6
-11219 312 0 5
-11310 312 0 6
-11349 312 0 6
-11444 312 0 6
-11722 312 1 0
-11771 312 0 5
-12160 312 0 6
-12200 312 0 6
-12480 312 0 1
-12480 312 0 1
-12876 312 0 2
-12918 312 0 2
-13226 312 0 5
-13265 312 1 0
-13455 312 0 1
-13592 312 0 4
-13883 312 0 2
-13922 312 0 6
-14219 312 0 3
-14255 312 0 5
-14572 312 0 2
-14605 312 0 4
-14948 312 0 2
-14987 312 0 6
-15288 312 0 2
-15331 312 0 4
-15628 312 0 2
-15664 312 0 5
-15707 312 1 0
-15795 312 0 1
-16017 312 0 4
-16057 312 0 5
-16315 312 0 2
-16350 312 0 6
-16390 312 0 5
-16575 312 0 1
-16694 312 0 4
-16736 312 0 5
-17037 312 0 2
-17073 312 0 6
-17112 312 0 5
-17151 312 0 4
-17160 312 0 1
-17282 312 0 5
-17321 312 0 6
-17413 312 0 2
-17452 312 0 4
-17495 312 0 5
-17530 312 0 6
-17550 312 0 1
-17727 312 0 5
-17809 312 0 4
