81
6.587722 
1.709733
1.793497
0.854875
0.888520
1.122991
0.804555
1.609218
0.486229
1.290633
0.452550
0.486074
0.457502
1.207728
0.402252
0.419086
0.368776
1.363485
0.549850
0.469444
0.452520
0.201208
1.413892
0.452419
0.469505
0.201009
2.480855
0.452650
0.469375
0.167511
2.363467
1.776828
0.536359
1.324275
0.871708
0.955410
0.838145
0.955343
1.642828
1.793561
0.548857
0.469328
0.452516
0.888538
1.776663
1.776931
0.435710
1.408153
0.821236
0.871752
0.854772
2.665217
0.767867
0.435834
0.436070
0.251282
2.464115
0.436190
0.452171
0.217986
2.396847
0.422034
0.449650
0.167678
2.514232
0.402296
0.469523
0.217921
2.430426
1.827239
1.609016
0.978049
0.743223
1.877385
2.659413
1.911034
0.475009
1.838038
0.888461
1.545454
0.876990