214
1.759722
1.056188
1.206851
1.374862
0.371735
0.453037
0.502662
0.169931
0.220209
0.385369
0.489736
0.502725
0.852210
0.950791
0.606644
0.164525
0.670389
0.851014
0.670349
0.967726
0.804451
0.637014
0.569828
0.603515
0.704045
0.653572
0.486337
0.335017
0.469345
0.835327
0.435757
0.988019
0.653754
0.519568
0.735892
0.351860
0.469342
0.536534
0.251456
0.835236
0.569873
0.268118
0.301845
0.784679
0.435847
0.548334
0.341901
0.435694
0.217966
0.234677
0.835809
0.318606
0.469354
0.351430
0.517816
0.368185
0.754387
0.435689
0.321417
0.451435
0.551406
0.634620
0.785069
0.134658
0.317786
0.467756
0.584921
0.532607
0.542297
0.999202
0.302312
0.400865
0.573163
0.680156
0.751398
1.435840
0.386099
0.468773
0.536337
0.668767
0.752086
0.850871
0.335294
0.418968
0.519670
0.619886
0.785834
0.802345
0.519008
0.652575
0.702761
0.836079
0.902924
0.838008
0.687179
0.469343
0.535191
0.686198
0.719614
0.836284
0.952696
1.436016
0.502710
0.685498
0.752514
0.802355
0.902882
0.653863
0.418927
0.435832
0.553166
0.686089
0.786769
0.819162
0.901983
1.402305
0.319648
0.419178
0.518938
0.635919
0.785606
0.869880
0.987690
1.452690
0.336856
0.468330
0.584958
0.635250
0.734668
0.868159
0.934143
0.284926
0.184980
0.269271
0.387808
0.436548
0.235680
0.661368
0.751540
0.817944
0.969863
0.217912
0.502310
0.317899
0.436429
0.567581
0.602751
0.734217
0.835332
0.586654
0.301685
0.485992
0.502887
0.419058
0.202388
0.352460
0.419067
0.570508
0.251487
0.385036
0.436389
0.519061
0.654302
0.730530
0.301117
0.201188
0.201217 
0.564685
0.367619
0.434305
0.550562
0.650912
0.734207
0.100589
0.653580
0.369659
0.503783
0.786323
0.868570
0.184315
0.234743
0.335195
0.231188
0.318512
0.553158
0.601701
0.735255
0.838141
0.298265
0.334644
0.418366
0.552151
0.335301
0.418466
0.552006
0.601595
0.751524
0.868053
0.834642
0.568577
0.348296
0.317795
0.417930
0.534750
0.618929
0.328363
0.538756
0.535260
0.618448
0.785037
0.868147
0.968755
0.184430
0.519602
