130
3.222222
0.541978
0.190116
1.107417
0.938661 
0.469602 
1.123456
0.453717 
0.419688 
1.000000
0.435600 
0.486620 
1.000000
0.486118 
0.452755  
1.122345 
0.385041
0.565854
0.418970
0.486273
0.469230
1.127217 
0.335361 
0.325517
0.677889
0.321326
0.351248 
0.821450
0.578053
0.567963 
0.578382
0.361673
0.402275
0.893971
0.321253
0.624744
0.352554
0.349456
0.873320
0.545572
0.268163
0.999999
0.391060
0.789898
1.141212
0.344586
0.547445
1.359736
0.878996
1.453748
0.843638
0.346672
0.592546
0.469226
0.424905
0.875416
0.469295
0.402403
0.486019
0.419057
0.536411
0.888767
1.325627
0.656576
0.965878
1.245768
0.549664
0.042938
0.868030
0.821466
0.875595
0.672504
0.655818
0.652178
0.762415
0.653904
0.672455 
0.881622
0.779289
0.43025
0.586175
0.452547
0.871465
0.871907
1.564456
0.234853
0.201094
0.351809 
0.335870
0.250919
0.235424
0.434948
0.469366
0.268189
0.972395
0.621475
0.502806
0.923667
0.400522
1.000000
0.403200
0.451715
0.546678
0.888327
0.654252
1.222222
0.351077
0.452485
0.424812
0.553119
0.921897
1.072930
0.452332
0.955490
0.480430
0.343456
0.784320
1.206785 
0.549859
1.300000
0.000000
0.742494
0.954657
0.488340
0.657682
0.525421
1.000000
0.764325
0.636922
0.988969
0.878795