77
3.419600
1.190117
1.123312
1.290554
1.273883
1.190147
1.290640
1.124165
2.278650
1.374532
1.290714
0.190148
0.318573
0.301587
0.301758
1.576016
1.357368
1.139908
0.333333
0.318439
0.318464
0.318473
0.471023
0.871672
1.441531
1.072827
1.408069
0.988944
1.542273
0.921763
1.592550
1.139794
1.290650
1.056256
1.474930
0.955492
1.525325
1.072840
1.642683
0.955455
1.273900
1.190082
1.307508
1.223680
1.206930
1.257145
1.207061
1.223447
0.301857
0.268044
0.771044
1.207038
0.251338
0.318487
0.318419
0.335302
0.284960
0.335260
0.284961
1.441632
1.542070
1.340961
1.341103
1.659301
1.827227
1.475034
1.575623
1.223693
0.972196
2.279811
2.413664
2.547901
1.642761
2.229316
1.827170
1.357767
1.609161
0.545466